INDEX FRAGMENTORUM. ’ XLV

Ed. Or. 11 Ed. Kays. et Bait. Haec ed.
B VI 4 B Vl 4 Α Vll 9
5 5 10
6 6 16
7 7 17
8 8 18
9 9 19
ἡ) 10 20
« 22
11 11 {24
23
12 12 25
13 13 29
14 14 30
15 15 31
16 16 33
17 17 35
18 18 - 36, 37

19 19 ’ 40
20 20 ’ 41
21 21 44
22 22 45
23 23 47
24 24 48
25 25 49
26 26 ’ 50
27 27 51
28 28 52
29 29 53
30 30 2Ἰ
31 “ 31 32

32 32 a, b ι 27, 5

33 33 5‚28
34 · 34 39

35 35 59 ,
36 36 61
37 . “37 60
38 38 42
39 39 34
40 40 21
41 41 55
42 42 56
43 43 58
44 44 14
45 45 57

46 46 38

