INDEX FRAGMENTORUM. L111

Ed. Or. Π Ed. KayS. et Bait. Haec ed.
E V 33 G V 31 F V 41
34 32 42
35 33 43
36 34 44
37 35 45
38 36 46
39 37 47
40 38 48
41 39 49
42 40 50
43 41 51
44 42 52
45 43 53
46 44 54
47 45 55
48 46 56
49 47 14
50 48 57
51 49 58
52 · 50 59
53 51 60
54 52 61
55 53 62
56 54 63
57 55 64
58 56 65
59 57 66
, 60 58 67
61 59 68
62 60 69
63 61 70
64 62 1 71
65 63 ¹ 72
[66] [64] -
67 65 73
68 66 74
69 67 75
70 ‘ 68} ’ 76

71 69

72 ’το ‚ 77
73 71 78
74 72 79
75 73 80
76 74 81

77 75 82

